   0.0000000e+00   2.7200000e+00   5.1785714e+00   3.0000000e+00
   1.0000000e+00   2.7300000e+00   5.1796429e+00   3.0000000e+00
   1.5000000e+00   2.7400000e+00   5.1807143e+00   3.0000000e+00
   2.5000000e+00   2.7400000e+00   5.9578214e+00   3.4500000e+00
   3.0000000e+00   2.7500000e+00   5.9590536e+00   3.4500000e+00
   4.0000000e+00   2.7600000e+00   5.9602857e+00   3.4500000e+00
   5.0000000e+00   2.7700000e+00   5.9615179e+00   3.4500000e+00
   6.0000000e+00   2.7800000e+00   5.9627500e+00   3.4500000e+00
   7.0000000e+00   2.7900000e+00   5.9639821e+00   3.4500000e+00
   8.0000000e+00   2.8000000e+00   5.9652143e+00   3.4500000e+00
   9.0000000e+00   2.8100000e+00   5.9664464e+00   3.4500000e+00
   1.0000000e+01   2.8200000e+00   5.9676786e+00   3.4500000e+00
   1.1000000e+01   2.8300000e+00   5.9689107e+00   3.4500000e+00
   1.2000000e+01   2.8400000e+00   5.9701429e+00   3.4500000e+00
   1.3000000e+01   2.8500000e+00   5.9713750e+00   3.4500000e+00
   1.4000000e+01   2.8600000e+00   5.9726071e+00   3.4500000e+00
   1.5000000e+01   2.8700000e+00   5.9738393e+00   3.4500000e+00
   1.6000000e+01   2.8800000e+00   5.9750714e+00   3.4500000e+00
   1.7000000e+01   2.8900000e+00   5.9763036e+00   3.4500000e+00
   1.8000000e+01   2.9000000e+00   5.9775357e+00   3.4500000e+00
   1.9000000e+01   2.9100000e+00   5.9787679e+00   3.4500000e+00
   1.9500000e+01   2.9200000e+00   5.9800000e+00   3.4500000e+00
   2.0500000e+01   2.9200000e+00   6.5000000e+00   3.7500000e+00
   2.1000000e+01   2.9295402e+00   6.5053174e+00   3.7500000e+00
   2.2000000e+01   2.9390803e+00   6.5106347e+00   3.7500000e+00
   2.3000000e+01   2.9486205e+00   6.5159521e+00   3.7500000e+00
   2.4000000e+01   2.9581606e+00   6.5212694e+00   3.7500000e+00
   2.5000000e+01   2.9677008e+00   6.5265868e+00   3.7500000e+00
   2.6000000e+01   2.9772409e+00   6.5319042e+00   3.7500000e+00
   2.7000000e+01   2.9867811e+00   6.5372215e+00   3.7500000e+00
   2.8000000e+01   2.9963212e+00   6.5425389e+00   3.7500000e+00
   2.9000000e+01   3.0058614e+00   6.5478563e+00   3.7500000e+00
   3.0000000e+01   3.0154015e+00   6.5531736e+00   3.7500000e+00
   3.1000000e+01   3.0249417e+00   6.5584910e+00   3.7500000e+00
   3.2000000e+01   3.0344818e+00   6.5638083e+00   3.7500000e+00
   3.3000000e+01   3.0440220e+00   6.5691257e+00   3.7500000e+00
   3.4000000e+01   3.0535621e+00   6.5744431e+00   3.7500000e+00
   3.4500000e+01   3.0631023e+00   6.5797604e+00   3.7500000e+00
   3.7500000e+01   3.0631023e+00   7.8957125e+00   4.5000000e+00
   4.0000000e+01   3.1108030e+00   7.9276167e+00   4.5000000e+00
   4.5000000e+01   3.1585038e+00   7.9595208e+00   4.5000000e+00
   5.0000000e+01   3.2062045e+00   7.9914250e+00   4.5000000e+00
   6.0000000e+01   3.3016060e+00   8.0552334e+00   4.5000000e+00
   7.0000000e+01   3.3407517e+00   8.0658817e+00   4.5000000e+00
   8.0000000e+01   3.3467162e+00   8.0658817e+00   4.5000000e+00
   9.0000000e+01   3.3526807e+00   8.0658830e+00   4.5000000e+00
   1.0000000e+02   3.3587845e+00   8.0658817e+00   4.5000000e+00
   1.1000000e+02   3.3650629e+00   8.0658817e+00   4.5000000e+00
   1.2000000e+02   3.3713414e+00   8.0677905e+00   4.5000000e+00
   1.3000000e+02   3.3775388e+00   8.0753067e+00   4.5000000e+00
   1.4000000e+02   3.3835034e+00   8.0989494e+00   4.5000000e+00
   1.5000000e+02   3.3894679e+00   8.1225922e+00   4.5000000e+00
   1.6000000e+02   3.3954324e+00   8.1462938e+00   4.5000000e+00
   1.7000000e+02   3.4013970e+00   8.1707478e+00   4.5000000e+00
   1.8000000e+02   3.4073615e+00   8.1952018e+00   4.5000000e+00
   1.9000000e+02   3.4133260e+00   8.2196558e+00   4.5000000e+00
   2.0000000e+02   3.4195690e+00   8.2340965e+00   4.5000000e+00
   2.1000000e+02   3.4258474e+00   8.2684634e+00   4.5000000e+00
   2.2000000e+02   3.4321259e+00   8.3028302e+00   4.5231000e+00
   2.3000000e+02   3.4381841e+00   8.3371223e+00   4.5377300e+00
   2.4000000e+02   3.4441486e+00   8.3689699e+00   4.5523600e+00
   2.5000000e+02   3.4501132e+00   8.4008494e+00   4.5669900e+00
   2.6000000e+02   3.4560777e+00   8.4325404e+00   4.5816200e+00
   2.7000000e+02   3.4620422e+00   8.4640545e+00   4.5962500e+00
   2.8000000e+02   3.4680067e+00   8.4955979e+00   4.6108800e+00
   2.9000000e+02   3.4740750e+00   8.5269467e+00   4.6255100e+00
   3.0000000e+02   3.4803535e+00   8.5578687e+00   4.6401400e+00
   3.1000000e+02   3.4866319e+00   8.5888157e+00   4.6547700e+00
   3.2000000e+02   3.4928649e+00   8.6198564e+00   4.6694000e+00
   3.3000000e+02   3.4988294e+00   8.6513485e+00   4.6840400e+00
   3.4000000e+02   3.5047939e+00   8.6828500e+00   4.6986700e+00
   3.5000000e+02   3.5107584e+00   8.7143794e+00   4.7133000e+00
   3.6000000e+02   3.5167230e+00   8.7455864e+00   4.7279300e+00
   3.7000000e+02   3.5226875e+00   8.7768043e+00   4.7425600e+00
   3.8000000e+02   3.5286520e+00   8.8080478e+00   4.7571900e+00
   3.9000000e+02   3.5861275e+00   8.8290285e+00   4.7718200e+00
   4.0000000e+02   3.6586435e+00   8.8469583e+00   4.7864500e+00
   4.1000000e+02   3.7311596e+00   8.8648323e+00   4.8010800e+00
   4.1750000e+02   3.7682050e+00   8.8851818e+00   4.8157100e+00
   4.2250000e+02   3.7682050e+00   9.3205008e+00   5.0516500e+00
   4.3000000e+02   3.7804480e+00   9.3463286e+00   5.0684400e+00
   4.4000000e+02   3.7926909e+00   9.3721222e+00   5.0852300e+00
   4.5000000e+02   3.8050604e+00   9.3977078e+00   5.1020200e+00
   4.6000000e+02   3.8176173e+00   9.4230179e+00   5.1188200e+00
   4.7000000e+02   3.8301742e+00   9.4482727e+00   5.1356100e+00
   4.8000000e+02   3.8426628e+00   9.4736445e+00   5.1524000e+00
   4.9000000e+02   3.8549058e+00   9.4995363e+00   5.1691900e+00
   5.0000000e+02   3.8671488e+00   9.5253958e+00   5.1859800e+00
   5.1000000e+02   3.8793918e+00   9.5512090e+00   5.2027700e+00
   5.2000000e+02   3.8916348e+00   9.5765683e+00   5.2195600e+00
   5.3000000e+02   3.9038777e+00   9.6018924e+00   5.2363500e+00
   5.4000000e+02   3.9161207e+00   9.6271814e+00   5.2531400e+00
   5.5000000e+02   3.9286294e+00   9.6530254e+00   5.2699300e+00
   5.6000000e+02   3.9411863e+00   9.6789454e+00   5.2867200e+00
   5.7000000e+02   3.9537432e+00   9.7048348e+00   5.3035100e+00
   5.8000000e+02   3.9660926e+00   9.7304042e+00   5.3203000e+00
   5.9000000e+02   3.9783356e+00   9.7557924e+00   5.3370900e+00
   6.0000000e+02   3.9905786e+00   9.7811471e+00   5.3538800e+00
   6.1000000e+02   4.0028215e+00   9.8067940e+00   5.3706700e+00
   6.2000000e+02   4.0150645e+00   9.8327698e+00   5.3874600e+00
   6.3000000e+02   4.0273075e+00   9.8587165e+00   5.4042500e+00
   6.4000000e+02   4.0670438e+00   9.8795264e+00   5.4210500e+00
   6.5000000e+02   4.1740914e+00   9.8876689e+00   5.4378400e+00
   6.6000000e+02   4.2811389e+00   1.0009336e+01   5.4546300e+00
   6.6500000e+02   4.3776233e+00   1.0123000e+01   5.4714200e+00
   6.7000000e+02   4.3776233e+00   1.0814000e+01   6.1144200e+00
   6.8530000e+02   4.3867490e+00   1.0898000e+01   6.1265400e+00
   7.3530000e+02   4.4155717e+00   1.0977293e+01   6.1655300e+00
   7.8530000e+02   4.4453943e+00   1.1056585e+01   6.2036400e+00
   8.3530000e+02   4.4749950e+00   1.1143761e+01   6.2408800e+00
   8.8530000e+02   4.5040396e+00   1.1228344e+01   6.2772700e+00
   9.3530000e+02   4.5328622e+00   1.1311974e+01   6.3128300e+00
   9.8530000e+02   4.5617540e+00   1.1393894e+01   6.3475700e+00
   1.0353000e+03   4.5900071e+00   1.1475076e+01   6.3815200e+00
   1.0853000e+03   4.6192601e+00   1.1553903e+01   6.4146800e+00
   1.1353000e+03   4.6475131e+00   1.1631929e+01   6.4470900e+00
   1.1853000e+03   4.6757661e+00   1.1706860e+01   6.4787500e+00
   1.2353000e+03   4.7040191e+00   1.1781826e+01   6.5097000e+00
   1.2853000e+03   4.7319237e+00   1.1854986e+01   6.5399300e+00
   1.3353000e+03   4.7595252e+00   1.1925339e+01   6.5694800e+00
   1.3853000e+03   4.7872905e+00   1.1996658e+01   6.5983600e+00
   1.4353000e+03   4.8149739e+00   1.2065912e+01   6.6265800e+00
   1.4853000e+03   4.8422843e+00   1.2133455e+01   6.6541800e+00
   1.5353000e+03   4.8693408e+00   1.2200039e+01   6.6811600e+00
   1.5853000e+03   4.8967903e+00   1.2265897e+01   6.7075400e+00
   1.6353000e+03   4.9237076e+00   1.2329898e+01   6.7333400e+00
   1.6853000e+03   4.9503910e+00   1.2391977e+01   6.7585800e+00
   1.7353000e+03   4.9770744e+00   1.2454227e+01   6.7832800e+00
   1.7853000e+03   5.0037132e+00   1.2515570e+01   6.8074600e+00
   1.8353000e+03   5.0294412e+00   1.2575409e+01   6.8311300e+00
   1.8853000e+03   5.0561246e+00   1.2633691e+01   6.8543100e+00
   1.9353000e+03   5.0820546e+00   1.2692515e+01   6.8770200e+00
   1.9853000e+03   5.1081684e+00   1.2748782e+01   6.8992800e+00
   2.0353000e+03   5.1341749e+00   1.2804888e+01   6.9211000e+00
   2.0853000e+03   5.1593960e+00   1.2861675e+01   6.9425100e+00
   2.1353000e+03   5.1845417e+00   1.2915095e+01   6.9635300e+00
   2.1853000e+03   5.2106236e+00   1.2970023e+01   6.9841600e+00
   2.2353000e+03   5.2357374e+00   1.3021633e+01   7.0044300e+00
   2.2853000e+03   5.2608512e+00   1.3073735e+01   7.0243600e+00
   2.3353000e+03   5.2856547e+00   1.3125717e+01   7.0439700e+00
   2.3853000e+03   5.3100788e+00   1.3176767e+01   7.0632700e+00
   2.4353000e+03   5.3347431e+00   1.3227366e+01   7.0822800e+00
   2.4853000e+03   5.3592872e+00   1.3277417e+01   7.1010200e+00
   2.5353000e+03   5.3834202e+00   1.3325931e+01   7.1195000e+00
   2.5853000e+03   5.4075340e+00   1.3374875e+01   7.1377600e+00
   2.6353000e+03   5.4319198e+00   1.3422498e+01   7.1557900e+00
   2.6853000e+03   5.4554640e+00   1.3469742e+01   7.1736300e+00
   2.7353000e+03   5.4790082e+00   1.3518133e+01   7.1912900e+00
   2.7853000e+03   5.5025523e+00   1.3541755e+01   7.2087900e+00
   2.8353000e+03   5.5260965e+00   1.3561876e+01   7.2261500e+00
   2.8853000e+03   8.0692734e+00   1.3587578e+01   7.2433800e+00
   3.0000000e+03   8.0773427e+00   1.3601166e+01   7.2506234e+00
